1 3 614.2476 5320.983
2 2 438.0483 3547.055
3 3 589.2716 3722.243
4 4 4522.097 68847.09
5 2 6824.1 110067.5
6 2 768.9924 9524.234
7 6 135.4282 945.2908
8 3 304.5426 2173.496
9 3 1217.836 5489.144
10 3 673.2202 8056.968
11 5 451.4028 6486.187
12 7 325.6942 3365.701
13 4 1362.082 11260.73
14 3 1499.915 13652.62
15 3 521.7943 6656.293
16 5 886.2403 10893.21
17 4 118.7262 1326.06
18 4 2374.863 26539.02
19 6 2739.377 36582.11
20 3 54.17652 336.1104
21 4 2179.014 33314.57
22 7 953.8135 8690.044
23 4 226.7997 1495.961
24 5 545.5626 5785.64
25 8 1140.25 10649.53
26 5 740.8991 5312.577
27 5 944.8585 4134.123
28 5 206.4643 1118.999
29 4 394.5045 3032.227
30 6 1566.778 20955.85
31 8 2369.684 13942.2
32 8 200.6641 1224.124
33 1 583.3179 4831.848
34 5 1143.704 10656.25
35 3 513.4919 4018.623
36 2 273.074 3427.272
37 3 4352.741 51283.91
38 3 4879.026 71332.87
39 3 620.855 7579.957
40 2 475.5269 6146.416
41 6 1261.201 8101.402
42 5 494.187 2984.994
43 4 259.2936 1011.194
44 6 2165.25 24561.81
45 4 458.6803 3020.829
46 5 320.6501 4099.159
47 4 143.0612 1305.918
48 5 322.6435 1196.703
49 4 1382.096 19735.04
50 4 1851.445 26894.04
